3298 11946073 3038
3297 11944571 1502
3296 11944073 498
3295 11930502 13571
3294 11924811 5691
3293 11920942 3869
3292 11912726 8216
3291 11904764 7962
3290 11902437 2327
3289 11893597 8840
3288 11886818 6779
3287 11876261 10557
3286 11868678 7583
3285 11859925 8753
3284 11847150 12775
3283 11845078 2072
3282 11840747 4331
3281 11836394 4353
3280 11835226 1168
3279 11830973 4253
3278 11815496 15477
3277 11810003 5493
3276 11807195 2808
3275 11803002 4193
3274 11790202 12800
3273 11778290 11912
3272 11774976 3314
3271 11771163 3813
3270 11767714 3449
3269 11763854 3860
3268 11758119 5735
3267 11752183 5936
3266 11745551 6632
3265 11735802 9749
3264 11725255 10547
3263 11721568 3687
3262 11716874 4694
3261 11713077 3797
3260 11711350 1727
3259 11706312 5038
3258 11700120 6192
3257 11689290 10830
3256 11684760 4530
3255 11672215 12545
3254 11662703 9512
3253 11658136 4567
3252 11648497 9639
3251 11640326 8171
3250 11635223 5103
3249 11631504 3719
3248 11606017 25487
3247 11601716 4301
3246 11595477 6239
3245 11584279 11198
3244 11582978 1301
3243 11576412 6566
3242 11574796 1616
3241 11573756 1040
3240 11573114 642
3239 11570298 2816
3238 11566912 3386
3237 11559819 7093
3236 11555755 4064
3235 11553107 2648
3234 11548494 4613
3233 11540890 7604
3232 11531807 9083
3231 11529752 2055
3230 11526319 3433
3229 11524802 1517
3228 11524278 524
3227 11517016 7262
3226 11513849 3167
3225 11513079 770
3224 11512615 464
3223 11507183 5432
3222 11493835 13348
3221 11474676 19159
3220 11463773 10903
3219 11456700 7073
3218 11448499 8201
3217 11439953 8546
3216 11424438 15515
3215 11415388 9050
3214 11404601 10787
3213 11395736 8865
3212 11394684 1052
3211 11393404 1280
3210 11386091 7313
3208 11383761 2330
3207 11382333 1428
3206 11381230 1103
3205 11379719 1511
3204 11378383 1336
3203 11375272 3111
3202 11372564 2708
3201 11370549 2015
3200 11369122 1427
3199 11364914 4208
3198 11364489 425
3197 11361895 2594
3196 11355569 6326
3195 11354299 1270
3194 11351387 2912
3193 11349799 1588
3192 11348570 1229
3191 11347129 1441
3190 11344586 2543
3189 11342839 1747
3188 11341817 1022
3187 11334863 6954
3186 11330155 4708
3185 11328957 1198
3184 11326768 2189
3183 11325827 941
3182 11322202 3625
3181 11319328 2874
3180 11317563 1765
3179 11306235 11328
3178 11305533 702
3177 11303767 1766
3176 11302712 1055
3175 11301798 914
3174 11300995 803
3173 11298966 2029
3172 11287507 11459
3171 11286045 1462
3170 11283799 2246
3169 11282477 1322
3168 11281977 500
3167 11280697 1280
3166 11278730 1967
3165 11277189 1541
3164 11275561 1628
3163 11268595 6966
3162 11261293 7302
3161 11259974 1319
3160 11258796 1178
3159 11256319 2477
3158 11255108 1211
3157 11253852 1256
3156 11253321 531
3155 11250750 2571
3154 11247711 3039
3153 11246437 1274
3152 11242609 3828
3151 11241737 872
3150 11240472 1265
3149 11235928 4544
3148 11235608 320
3147 11234610 998
3146 11231969 2641
3145 11230958 1011
3144 11229498 1460
3143 11227331 2167
3142 11225857 1474
3141 11224356 1501
3140 11221774 2582
3139 11219308 2466
3138 11214400 4908
3137 11212623 1777
3136 11208473 4150
3135 11207437 1036
3134 11202428 5009
3133 11200692 1736
3132 11199499 1193
3131 11198043 1456
3129 11174789 23254
3128 11168455 6334
3127 11162571 5884
3126 11155496 7075
3125 11144308 11188
3124 11118828 25480
3123 11112166 6662
3122 11099856 12310
3121 11096356 3500
3120 11092082 4274
3119 11072397 19685
3118 11068743 3654
3117 11065928 2815
3116 11063809 2119
3115 11055963 7846
3114 11044729 11234
3113 11041352 3377
3112 11036002 5350
3111 11017698 18304
3110 11012179 5519
3109 11006889 5290
3108 10997507 9382
3107 10993049 4458
3106 10987987 5062
3105 10986384 1603
3104 10979102 7282
3103 10971181 7921
3102 10963383 7798
3101 10955219 8164
3100 10951002 4217
3099 10947554 3448
3098 10941238 6316
3097 10936305 4933
3096 10931852 4453
3095 10926241 5611
3094 10918448 7793
3093 10911052 7396
3092 10906794 4258
3091 10901339 5455
3090 10892977 8362
3089 10884066 8911
3088 10879928 4138
3087 10875262 4666
3086 10868796 6466
3085 10862081 6715
3084 10856854 5227
3083 10852047 4807
3082 10846692 5355
3081 10842129 4563
3080 10838396 3733
3079 10827949 10447
3078 10825194 2755
3077 10819927 5267
3076 10802142 17785
3075 10763927 38215
3074 10756468 7459
3073 10752451 4017
3072 10743836 8615
3071 10737339 6497
3070 10732358 4981
3068 10729575 2783
3067 10727738 1837
3066 10719828 7910
3065 10714764 5064
3064 10709495 5269
3063 10703095 6400
3062 10701395 1700
3061 10697878 3517
3060 10693557 4321
3059 10690726 2831
3058 10681632 9094
3057 10675667 5965
3056 10672941 2726
3055 10668541 4400
3054 10661140 7401
3053 10658412 2728
3052 10651192 7220
3051 10649670 1522
3050 10643293 6377
3049 10634528 8765
3048 10632329 2199
3047 10628102 4227
3046 10627522 580
3045 10624794 2728
3044 10622641 2153
3043 10613957 8684
3042 10607474 6483
3041 10598222 9252
3040 10587652 10570
3039 10576431 11221
3038 10575330 1101
3037 10572738 2592
3036 10569335 3403
3035 10562659 6676
3034 10560838 1821
3033 10558083 2755
3032 10555016 3067
3031 10546645 8371
3030 10540280 6365
3029 10533416 6864
3028 10530934 2482
3027 10527396 3538
3026 10524109 3287
3025 10522354 1755
3024 10521118 1236
3023 10515953 5165
3022 10511518 4435
3021 10505397 6121
3020 10495318 10079
3019 10493427 1891
3018 10490378 3049
3017 10486055 4323
3016 10483373 2682
3015 10474867 8506
3014 10473004 1863
3013 10467384 5620
3012 10465768 1616
3011 10463324 2444
3010 10458648 4676
3009 10456519 2129
3008 10445336 11183
3007 10436019 9317
3006 10426730 9289
3005 10422245 4485
3004 10418905 3340
3003 10416436 2469
3002 10412892 3544
3001 10409979 2913
3000 10406295 3684
2999 10405376 919
2998 10399038 6338
2997 10393818 5220
2996 10385681 8137
2995 10380823 4858
2994 10379890 933
2993 10375718 4172
2992 10373515 2203
2991 10368359 5156
2990 10365671 2688
2989 10362652 3019
2988 10344955 17697
2987 10336107 8848
2986 10333483 2624
2985 10330909 2574
2984 10323652 7257
2983 10320554 3098
2982 10318698 1856
2981 10314659 4039
2980 10305881 8778
2979 10302634 3247
2978 10296847 5787
2977 10296202 645
2976 10293616 2586
2974 10292627 989
2973 10291757 870
2972 10291011 746
2971 10290235 776
2970 10287561 2674
2969 10283526 4035
2968 10274487 9039
2967 10269840 4647
2966 10265914 3926
2965 10264099 1815
2964 10262021 2078
2963 10261235 786
2962 10256862 4373
2961 10255669 1193
2960 10253696 1973
2959 10249688 4008
2958 10249155 533
2957 10243135 6020
2956 10240349 2786
2955 10238260 2089
2954 10233465 4795
2953 10231949 1516
2952 10215219 16730
2951 10212624 2595
2950 10210982 1642
2949 10210054 928
2948 10208619 1435
2947 10206608 2011
2946 10204360 2248
2945 10202979 1381
2944 10195508 7471
2943 10194322 1186
2942 10193298 1024
2941 10190532 2766
2940 10187765 2767
2939 10187197 568
2938 10181632 5565
2937 10181030 602
2936 10177399 3631
2935 10173807 3592
2934 10170152 3655
2933 10166521 3631
2932 10162836 3685
2931 10159328 3508
2930 10155778 3550
2929 10152199 3579
2928 10146458 5741
2927 10143997 2461
2926 10143276 721
2925 10141730 1546
2924 10136593 5137
2923 10130909 5684
2922 10130053 856
2921 10127364 2689
2920 10126781 583
2919 10125247 1534
2918 10121883 3364
2917 10115969 5914
2916 10114274 1695
2915 10113210 1064
2914 10112009 1201
2913 10110250 1759
2912 10107452 2798
2911 10106293 1159
2910 10100550 5743
2909 10097686 2864
2908 10096156 1530
2907 10094164 1992
2906 10093001 1163
2905 10090456 2545
2904 10084698 5758
2903 10083180 1518
2902 10082367 813
2901 10079855 2512
2900 10077459 2396
2899 10075069 2390
2898 10072104 2965
2897 10069222 2882
2896 10066508 2714
2895 10063473 3035
2894 10061219 2254
2893 10059361 1858
2892 10056488 2873
2891 10055887 601
2890 10055278 609
2889 10053649 1629
2888 10044239 9410
2887 10039495 4744
2885 10038497 998
2884 10037909 588
2883 10036372 1537
2882 10033340 3032
2881 10032157 1183
2880 10029774 2383
2879 10027772 2002
2878 10025482 2290
2877 10023347 2135
2876 10021195 2152
2875 10019073 2122
2874 10018472 601
2873 10016839 1633
2872 10014223 2616
2871 10011954 2269
2870 10009546 2408
2869 10007739 1807
2868 10007202 537
2867 10005565 1637
2866 10004828 737
2865 10003297 1531
2864 10002099 1198
2863 10001324 775
2862 10000518 806
2861 9998466 2052
2860 9995257 3209
2859 9990503 4754
2858 9989161 1342
2857 9987864 1297
2856 9986911 953
2855 9984063 2848
2854 9982239 1824
2853 9979169 3070
2852 9978276 893
2851 9977015 1261
2850 9972318 4697
2849 9971648 670
2848 9970529 1119
2847 9969145 1384
2846 9967023 2122
2845 9964745 2278
2844 9962283 2462
2843 9960968 1315
2842 9956367 4601
2841 9943700 12667
2840 9941814 1886
2839 9938615 3199
2838 9931599 7016
2837 9929771 1828
2836 9922903 6868
2835 9920847 2056
2834 9910086 10761
2833 9907626 2460
2832 9902533 5093
2831 9900852 1681
2830 9899472 1380
2829 9898269 1203
2828 9897051 1218
2827 9892847 4204
2826 9891374 1473
2825 9889194 2180
2824 9886900 2294
2823 9882933 3967
2822 9881201 1732
2821 9879059 2142
2820 9874165 4894
2819 9868894 5271
2818 9867559 1335
2817 9866511 1048
2816 9865495 1016
2815 9863788 1707
2814 9855536 8252
2813 9852166 3370
2812 9849000 3166
2811 9846373 2627
2810 9844530 1843
2809 9842531 1999
2808 9832398 10133
2806 9831248 1150
2805 9829189 2059
2804 9827517 1672
2803 9825770 1747
2802 9823660 2110
2801 9821676 1984
2800 9814052 7624
2799 9812653 1399
2798 9810980 1673
2797 9807892 3088
2796 9800583 7309
2795 9798838 1745
2794 9797245 1593
2793 9796290 955
2792 9794669 1621
2791 9792534 2135
2790 9790841 1693
2789 9783154 7687
2788 9780228 2926
2787 9776906 3322
2786 9770896 6010
2785 9767391 3505
2784 9764809 2582
2783 9762939 1870
2782 9753680 9259
2781 9751054 2626
2780 9749400 1654
2779 9744815 4585
2778 9743023 1792
2777 9741439 1584
2776 9740481 958
2775 9738917 1564
2774 9734239 4678
2773 9732975 1264
2772 9731090 1885
2771 9728229 2861
2770 9725721 2508
2769 9721270 4451
2768 9718406 2864
2767 9716119 2287
2766 9709299 6820
2765 9706652 2647
2764 9703057 3595
2763 9700720 2337
2762 9695995 4725
2761 9694395 1600
2760 9687203 7192
2759 9684976 2227
2758 9683357 1619
2757 9682522 835
2756 9681611 911
2755 9679219 2392
2754 9671295 7924
2753 9668833 2462
2752 9663428 5405
2751 9661039 2389
2750 9659187 1852
2749 9658274 913
2748 9657110 1164
2747 9655812 1298
2746 9650483 5329
2745 9643009 7474
2744 9638898 4111
2743 9635872 3026
2742 9631979 3893
2741 9631596 383
2740 9630878 718
2739 9629500 1378
2738 9627936 1564
2737 9625856 2080
2736 9623293 2563
2735 9620376 2917
2734 9618436 1940
2733 9617117 1319
2732 9610737 6380
2731 9595964 14773
2730 9593751 2213
2729 9587378 6373
2728 9580319 7059
2727 9578352 1967
2726 9576338 2014
2725 9573012 3326
2724 9564214 8798
2723 9560541 3673
2722 9556094 4447
2721 9545043 11051
2720 9544547 496
2719 9537167 7380
2718 9534336 2831
2717 9531158 3178
2716 9529176 1982
2715 9525539 3637
2713 9520729 4810
2712 9516555 4174
2711 9510866 5689
2710 9508936 1930
2709 9503913 5023
2708 9500696 3217
2707 9498844 1852
2706 9495607 3237
2705 9495072 535
2704 9491214 3858
2703 9488666 2548
2702 9483289 5377
2701 9478653 4636
2700 9473425 5228
2699 9469982 3443
2698 9468606 1376
2697 9465422 3184
2696 9455752 9670
2695 9448984 6768
2694 9444625 4359
2693 9432661 11964
2692 9430844 1817
2691 9429942 902
2690 9428281 1661
2689 9426114 2167
2688 9425334 780
2687 9424457 877
2686 9419799 4658
2685 9412496 7303
2684 9408178 4318
2683 9405666 2512
2682 9401441 4225
2681 9396033 5408
2680 9390683 5350
2679 9387397 3286
2678 9382653 4744
2677 9377666 4987
2676 9375069 2597
2675 9373358 1711
2674 9368034 5324
2673 9365057 2977
2672 9359227 5830
2671 9355190 4037
2670 9351642 3548
2669 9346378 5264
2668 9341168 5210
2667 9338650 2518
2666 9330025 8625
2665 9328133 1892
2664 9324091 4042
2663 9320858 3233
2662 9300883 19975
2661 9298712 2171
2660 9296995 1717
2659 9294714 2281
2658 9291028 3686
2657 9288331 2697
2656 9284205 4126
2655 9280155 4050
2654 9277122 3033
2653 9273774 3348
2652 9269297 4477
2651 9264679 4618
2650 9263430 1249
2649 9261191 2239
2648 9258532 2659
2647 9256249 2283
2646 9254340 1909
2645 9253115 1225
2644 9250231 2884
2643 9247623 2608
2642 9243589 4034
2641 9242814 775
2640 9241873 941
2639 9237497 4376
2638 9235070 2427
2637 9229079 5991
2636 9225352 3727
2635 9223636 1716
2634 9218267 5369
2633 9213631 4636
2632 9208219 5412
2631 9203129 5090
2630 9200123 3006
2628 9198445 1678
2627 9190202 8243
2626 9188449 1753
2625 9185478 2971
2624 9183951 1527
2623 9181604 2347
2622 9177812 3792
2621 9175854 1958
2620 9170153 5701
2619 9168261 1892
2618 9165777 2484
2617 9163333 2444
2616 9162700 633
2615 9162238 462
2614 9161743 495
2613 9159867 1876
2612 9158074 1793
2611 9150791 7283
2610 9148357 2434
2609 9145872 2485
2608 9141350 4522
2607 9135504 5846
2606 9130361 5143
2605 9122508 7853
2604 9119868 2640
2603 9117517 2351
2602 9115472 2045
2601 9113047 2425
2600 9109178 3869
2599 9106807 2371
2598 9103338 3469
2597 9101528 1810
2596 9099189 2339
2595 9096994 2195
2594 9091835 5159
2593 9083578 8257
2592 9078598 4980
2591 9076494 2104
2590 9074051 2443
2589 9067726 6325
2588 9066080 1646
2587 9062731 3349
2586 9061247 1484
2585 9058686 2561
2584 9055714 2972
2583 9053568 2146
2582 9050669 2899
2581 9049429 1240
2580 9047049 2380
2579 9044905 2144
2578 9040491 4414
2577 9038484 2007
2576 9032543 5941
2575 9023511 9032
2574 9022124 1387
2573 9018552 3572
2572 9010496 8056
2571 9003808 6688
2570 8999139 4669
2569 8997196 1943
2568 8995884 1312
2567 8990464 5420
2566 8982503 7961
2565 8981199 1304
2564 8979683 1516
2563 8978353 1330
2562 8975640 2713
2561 8972990 2650
2559 8968119 4871
2558 8967359 760
2557 8966718 641
2556 8964370 2348
2555 8963117 1253
2554 8962341 776
2553 8958934 3407
2552 8956532 2402
2551 8950188 6344
2550 8949667 521
2549 8945834 3833
2548 8944562 1272
2547 8942557 2005
2546 8940594 1963
2545 8939314 1280
2544 8937849 1465
2543 8934658 3191
2542 8931156 3502
2541 8930170 986
2540 8926532 3638
2539 8925426 1106
2538 8924592 834
2537 8902556 22036
2536 8900337 2219
2535 8898215 2122
2534 8894799 3416
2533 8892225 2574
2532 8889924 2301
2531 8887773 2151
2530 8886554 1219
2529 8880928 5626
2528 8862185 18743
2527 8855108 7077
2526 8854895 213
2525 8851816 3079
2524 8849369 2447
2523 8848476 893
2522 8845039 3437
2521 8842760 2279
2520 8842356 404
2519 8840371 1985
2518 8839253 1118
2517 8834685 4568
2516 8832226 2459
2515 8828258 3968
2514 8824966 3292
2513 8820039 4927
2512 8818466 1573
2511 8816211 2255
2510 8815311 900
2509 8795956 19355
2508 8766226 29730
2507 8757042 9184
2506 8749785 7257
2505 8745817 3968
2504 8717525 28292
2503 8713725 3800
2502 8712814 911
2501 8709989 2825
2500 8705960 4029
2499 8703078 2882
2498 8702665 413
2497 8699542 3123
2496 8697470 2072
2495 8694108 3362
2494 8690578 3530
2493 8687053 3525
2492 8678171 8882
2491 8658624 19547
2490 8656882 1742
2489 8654134 2748
2488 8651579 2555
2487 8649567 2012
2486 8648856 711
2485 8634988 13868
2484 8628723 6265
2483 8613549 15174
2482 8612506 1043
2481 8611592 914
2480 8608920 2672
2479 8607396 1524
2477 8603792 3604
2476 8600532 3260
2475 8595807 4725
2474 8592503 3304
2473 8572822 19681
2472 8568630 4192
2471 8567543 1087
2470 8564954 2589
2469 8561455 3499
2468 8558649 2806
2467 8555180 3469
2466 8551147 4033
2465 8548237 2910
2464 8547327 910
2463 8546114 1213
2462 8541841 4273
2461 8538276 3565
2460 8534531 3745
2459 8530081 4450
2458 8511258 18823
2457 8507762 3496
2456 8504693 3069
2455 8501078 3615
2454 8497868 3210
2453 8495168 2700
2452 8491699 3469
2451 8488009 3690
2450 8484761 3248
2449 8479834 4927
2448 8476079 3755
2447 8470678 5401
2446 8467253 3425
2445 8466061 1192
2444 8462763 3298
2443 8458643 4120
2442 8453857 4786
2441 8450466 3391
2440 8448974 1492
2439 8444317 4657
2438 8424879 19438
2437 8421400 3479
2436 8417984 3416
2435 8416453 1531
2434 8413098 3355
2433 8408777 4321
2432 8389555 19222
2431 8386332 3223
2430 8382341 3991
2429 8379250 3091
2428 8376189 3061
2427 8373384 2805
2426 8369936 3448
2425 8366005 3931
2424 8361852 4153
2423 8357099 4753
2422 8353657 3442
2421 8348984 4673
2420 8345221 3763
2419 8334768 10453
2418 8330495 4273
2417 8327036 3459
2416 8323139 3897
2415 8319380 3759
2414 8315750 3630
2413 8312222 3528
2412 8308163 4059
2411 8304197 3966
2410 8300485 3712
2409 8296253 4232
2408 8293225 3028
2407 8288964 4261
2406 8285226 3738
2405 8280974 4252
2404 8275669 5305
2403 8274432 1237
2402 8270453 3979
2401 8250712 19741
2400 8247298 3414
2399 8243748 3550
2398 8241051 2697
2397 8238464 2587
2396 8233693 4771
2395 8230677 3016
2394 8227130 3547
2393 8222966 4164
2391 8219088 3878
2390 8188776 30312
2389 8172295 16481
2388 8160765 11530
2387 8136074 24691
2386 8133130 2944
2385 8129483 3647
2384 8125222 4261
2383 8120778 4444
2382 8117752 3026
1109 3529025 789
1108 3527584 1441
1107 3524835 2749
1106 3523927 908
1105 3522508 1419
1104 3519762 2746
1103 3518509 1253
1102 3515494 3015
1101 3510439 5055
1100 3509060 1379
1099 3507840 1220
1098 3505069 2771
1097 3503381 1688
1096 3494940 8441
1095 3493630 1310
1094 3492386 1244
1093 3491114 1272
1092 3488503 2611
1091 3482804 5699
1090 3481273 1531
1089 3478411 2862
1088 3476242 2169
1087 3470599 5643
1086 3466833 3766
1085 3465415 1418
1084 3463445 1970
1083 3462257 1188
1082 3458499 3758
1081 3456517 1982
1080 3453980 2537
1079 3452437 1543
1078 3450503 1934
1076 3448550 1953
1075 3444866 3684
1074 3444067 799
1073 3438339 5728
1072 3434157 4182
1071 3424294 9863
1070 3421586 2708
1069 3414420 7166
1068 3412879 1541
1067 3408824 4055
1066 3405462 3362
1065 3404227 1235
1064 3397042 7185
1063 3391604 5438
1062 3389769 1835
1061 3381448 8321
1060 3375289 6159
1059 3371254 4035
1058 3366778 4476
1057 3363533 3245
1056 3362076 1457
1055 3360118 1958
1054 3355453 4665
1053 3348997 6456
1052 3344654 4343
1051 3339203 5451
1050 3337053 2150
1049 3329109 7944
1048 3324927 4182
1047 3321552 3375
1046 3318094 3458
1045 3314090 4004
1044 3313188 902
1043 3308487 4701
1042 3303436 5051
1041 3292022 11414
1040 3288707 3315
1039 3284322 4385
1038 3280850 3472
1037 3277768 3082
1036 3276199 1569
1035 3274711 1488
1034 3270785 3926
1033 3267413 3372
1032 3262148 5265
1031 3254437 7711
1030 3244412 10025
1029 3235012 9400
1028 3226921 8091
1027 3217835 9086
1026 3211434 6401
1025 3208776 2658
1024 3205275 3501
1023 3202402 2873
1022 3198538 3864
1021 3196408 2130
1020 3195958 450
1019 3192578 3380
1018 3189731 2847
1017 3186398 3333
1016 3182745 3653
1015 3176415 6330
1014 3169714 6701
1013 3161446 8268
1012 3159220 2226
1011 3159043 177
1010 3149841 9202
1009 3144376 5465
1008 3142630 1746
1007 3139269 3361
1006 3136450 2819
1005 3134974 1476
1004 3132125 2849
1003 3125616 6509
1002 3121453 4163
1001 3112043 9410
1000 3109140 2903
999 3102074 7066
998 3101129 945
997 3094981 6148
996 3089889 5092
995 3084603 5286
994 3079488 5115
993 3075944 3544
992 3073924 2020
991 3062547 11377
990 3054649 7898
988 3052459 2190
987 3051387 1072
986 3047145 4242
985 3043517 3628
984 3041451 2066
983 3034077 7374
982 3029832 4245
981 3027409 2423
980 3021052 6357
979 3011554 9498
978 3009705 1849
977 3005823 3882
976 3004206 1617
975 2998656 5550
974 2995032 3624
973 2990524 4508
972 2986846 3678
971 2977831 9015
970 2964295 13536
969 2957971 6324
968 2955751 2220
967 2941453 14298
966 2937114 4339
965 2935264 1850
964 2933262 2002
963 2930728 2534
962 2929630 1098
961 2927974 1656
960 2924550 3424
959 2922387 2163
958 2919908 2479
957 2917896 2012
956 2915477 2419
955 2910758 4719
954 2909372 1386
953 2905480 3892
952 2904922 558
951 2903738 1184
950 2902855 883
949 2900856 1999
948 2899893 963
947 2897614 2279
946 2896576 1038
945 2891893 4683
944 2887583 4310
943 2885104 2479
942 2884251 853
941 2882628 1623
940 2881500 1128
939 2879709 1791
938 2878458 1251
937 2874258 4200
936 2873361 897
935 2872648 713
934 2869588 3060
933 2868796 792
932 2864656 4140
931 2864005 651
930 2861106 2899
929 2855884 5222
928 2854942 942
927 2853109 1833
926 2851705 1404
925 2845459 6246
924 2833745 11714
923 2825688 8057
922 2820969 4719
921 2815700 5269
920 2808315 7385
919 2803035 5280
918 2793987 9048
917 2792016 1971
916 2789874 2142
915 2786495 3379
914 2784177 2318
913 2780910 3267
912 2777448 3462
911 2771592 5856
910 2763990 7602
909 2760944 3046
908 2756501 4443
907 2752158 4343
906 2747435 4723
905 2744939 2496
904 2743038 1901
903 2737848 5190
902 2735306 2542
901 2732233 3073
900 2725542 6691
899 2724348 1194
898 2721817 2531
897 2719190 2627
896 2717279 1911
895 2716042 1237
894 2710296 5746
893 2709048 1248
891 2707393 1655
890 2702743 4650
889 2699405 3338
888 2697225 2180
887 2693647 3578
886 2684321 9326
885 2677613 6708
884 2669400 8213
883 2668060 1340
882 2664134 3926
881 2657820 6314
880 2655694 2126
879 2648276 7418
878 2646527 1749
877 2640376 6151
876 2639252 1124
875 2636970 2282
874 2632351 4619
873 2631341 1010
872 2629953 1388
871 2621974 7979
870 2615077 6897
869 2614325 752
868 2612745 1580
867 2611630 1115
866 2609936 1694
865 2608230 1706
864 2606097 2133
863 2603731 2366
862 2602325 1406
861 2600832 1493
860 2599285 1547
859 2592511 6774
858 2588647 3864
857 2587603 1044
856 2586278 1325
855 2582799 3479
854 2578929 3870
853 2577532 1397
852 2564888 12644
851 2560874 4014
850 2559158 1716
849 2556576 2582
848 2553721 2855
847 2552537 1184
846 2548677 3860
845 2542417 6260
844 2541190 1227
843 2539658 1532
842 2536104 3554
841 2527399 8705
840 2523074 4325
839 2522188 886
838 2516746 5442
837 2515689 1057
836 2514424 1265
835 2513209 1215
834 2510122 3087
833 2508878 1244
832 2503077 5801
831 2499301 3776
830 2497060 2241
829 2495567 1493
828 2495076 491
827 2493270 1806
826 2490150 3120
825 2482140 8010
824 2479860 2280
823 2479065 795
822 2478052 1013
821 2472200 5852
820 2467680 4520
819 2466391 1289
818 2462442 3949
817 2459649 2793
816 2450356 9293
815 2433093 17263
814 2431788 1305
813 2421233 10555
812 2420358 875
811 2419201 1157
810 2413669 5532
809 2412640 1029
808 2411276 1364
807 2407812 3464
806 2406963 849
805 2385742 21221
804 2375931 9811
803 2374621 1310
802 2374032 589
801 2371668 2364
800 2369347 2321
799 2364889 4458
798 2352350 12539
797 2349159 3191
796 2344953 4206
795 2336565 8388
793 2334091 2474
792 2332816 1275
791 2331463 1353
790 2329994 1469
789 2327465 2529
788 2325420 2045
787 2323452 1968
786 2322224 1228
785 2320664 1560
784 2315553 5111
783 2313273 2280
782 2311951 1322
781 2309094 2857
780 2306581 2513
779 2303378 3203
778 2300067 3311
777 2292894 7173
776 2277766 15128
775 2272412 5354
774 2269602 2810
773 2267656 1946
772 2265293 2363
771 2262299 2994
770 2259381 2918
769 2253405 5976
768 2251722 1683
767 2250358 1364
766 2249345 1013
765 2247824 1521
764 2245998 1826
763 2231856 14142
762 2230909 947
761 2225606 5303
760 2211960 13646
759 2207023 4937
758 2204648 2375
757 2202933 1715
756 2200803 2130
755 2198626 2177
754 2196116 2510
753 2194275 1841
752 2192636 1639
751 2187410 5226
750 2185254 2156
749 2181392 3862
748 2179535 1857
747 2178581 954
746 2176469 2112
745 2174412 2057
744 2171131 3281
743 2169428 1703
742 2167780 1648
741 2165822 1958
740 2162795 3027
739 2161515 1280
738 2158552 2963
737 2153927 4625
736 2149616 4311
735 2143206 6410
734 2139867 3339
733 2132807 7060
732 2128746 4061
731 2118601 10145
730 2117201 1400
729 2113383 3818
728 2105071 8312
727 2103797 1274
726 2100239 3558
725 2097692 2547
724 2095131 2561
723 2092816 2315
722 2090930 1886
721 2084676 6254
720 2081563 3113
719 2080505 1058
718 2079103 1402
717 2077115 1988
716 2071239 5876
715 2069174 2065
714 2067428 1746
713 2064053 3375
712 2061859 2194
711 2060151 1708
710 2058860 1291
709 2051134 7726
708 2044589 6545
707 2039507 5082
706 2038194 1313
705 2037217 977
704 2027171 10046
703 2025084 2087
702 2021929 3155
701 2021465 464
699 2020863 602
698 2020251 612
697 2019628 623
696 2019011 617
695 2018373 638
694 2017750 623
693 2017121 629
692 2016495 626
691 2015836 659
690 2015141 695
689 2014524 617
688 2013910 614
687 2013290 620
686 2012654 636
685 2011982 672
684 2011359 623
683 2010739 620
682 2010127 612
681 2009467 660
680 2008881 586
679 2008269 612
678 2007602 667
677 2006985 617
676 2006337 648
675 2005735 602
674 2005103 632
673 2004462 641
672 2003842 620
671 2003203 639
670 2002616 587
669 2001977 639
668 2001351 626
667 2000733 618
666 2000106 627
665 1999483 623
664 1998901 582
663 1998278 623
662 1997613 665
661 1996948 665
660 1996251 697
659 1995636 615
658 1994962 674
657 1994295 667
656 1993656 639
655 1992990 666
654 1992382 608
653 1991753 629
652 1991102 651
651 1990474 628
650 1989806 668
649 1989150 656
648 1988529 621
647 1987892 637
646 1987224 668
645 1986559 665
644 1985861 698
643 1985269 592
642 1984612 657
641 1984004 608
640 1983371 633
639 1982783 588
638 1982168 615
637 1981535 633
636 1980890 645
635 1980305 585
634 1979642 663
633 1978949 693
632 1978343 606
631 1977685 658
630 1977028 657
629 1976404 624
628 1975742 662
627 1975088 654
626 1974425 663
625 1973789 636
624 1973073 716
623 1972357 716
622 1971685 672
621 1971021 664
620 1970407 614
619 1969783 624
618 1969211 572
617 1968563 648
616 1967870 693
615 1967177 693
614 1966478 699
613 1965794 684
612 1965171 623
611 1964502 669
610 1963904 598
609 1963281 623
608 1962609 672
607 1962036 573
606 1961373 663
605 1960716 657
604 1960072 644
603 1959439 633
602 1958797 642
601 1958128 669
600 1957516 612
599 1956902 614
598 1956194 708
597 1955504 690
596 1954885 619
595 1954256 629
594 1953620 636
593 1953000 620
592 1952401 599
591 1951757 644
590 1951148 609
589 1950517 631
588 1949892 625
587 1949305 587
586 1948631 674
585 1948035 596
584 1947379 656
583 1946777 602
582 1946110 667
581 1945486 624
580 1944838 648
579 1944193 645
578 1943552 641
577 1942905 647
576 1942247 658
575 1941586 661
574 1940929 657
573 1940254 675
572 1939591 663
571 1938916 675
570 1938275 641
569 1937597 678
568 1936952 645
567 1936307 645
566 1935677 630
565 1935045 632
564 1934370 675
563 1933743 627
562 1933102 641
561 1932467 635
560 1931817 650
559 1931116 701
558 1930418 698
557 1929758 660
556 1929134 624
555 1928481 653
554 1927843 638
553 1927226 617
552 1926532 694
551 1925884 648
550 1925243 641
549 1924580 663
548 1924020 560
257 867829 1526
256 865006 2823
255 845126 19880
254 842149 2977
253 839801 2348
252 834642 5159
251 832507 2135
250 831545 962
249 829351 2194
248 828204 1147
247 816711 11493
246 810760 5951
245 805820 4940
244 805270 550
243 803912 1358
242 801526 2386
241 799392 2134
240 798242 1150
239 796567 1675
238 794804 1763
237 789398 5406
236 786775 2623
235 786065 710
234 785093 972
233 783157 1936
232 780471 2686
231 776113 4358
230 770472 5641
229 765382 5090
228 762629 2753
227 758316 4313
226 755826 2490
225 754727 1099
224 753238 1489
223 750783 2455
222 750110 673
221 745788 4322
220 744524 1264
219 738931 5593
218 736750 2181
217 733905 2845
216 725003 8902
215 721806 3197
214 721183 623
213 719700 1483
212 714305 5395
211 707094 7211
210 698267 8827
209 693337 4930
208 690560 2777
207 684352 6208
206 683586 766
205 682483 1103
204 681574 909
203 680679 895
202 674519 6160
201 671501 3018
200 669543 1958
198 667031 2512
197 663751 3280
196 656420 7331
195 654412 2008
194 653229 1183
193 651816 1413
192 646726 5090
191 645651 1075
190 641936 3715
189 639450 2486
188 634127 5323
187 631509 2618
186 627766 3743
185 624768 2998
184 620588 4180
183 615535 5053
182 613199 2336
181 612154 1045
180 609723 2431
179 606332 3391
178 603790 2542
177 602199 1591
176 597059 5140
175 593671 3388
174 590393 3278
173 587320 3073
172 581121 6199
171 577457 3664
170 574299 3158
169 552392 21907
168 549969 2423
167 547627 2342
166 545104 2523
165 542733 2371
164 540355 2378
163 536433 3922
162 533735 2698
161 530140 3595
160 528537 1603
159 527062 1475
158 525543 1519
157 523837 1706
156 520337 3500
155 517665 2672
154 513314 4351
153 511334 1980
152 506011 5323
151 502623 3388
150 500777 1846
149 498559 2218
148 495387 3172
147 489077 6310
146 487299 1778
145 485681 1618
144 483631 2050
143 480156 3475
142 476652 3504
141 474440 2212
140 471661 2779
139 467958 3703
138 459125 8833
137 455559 3566
136 452249 3310
135 444667 7582
134 441881 2786
133 440434 1447
132 438384 2050
131 434776 3608
130 432361 2415
129 430857 1504
59 178446 8850
58 177712 734
57 167378 10334
56 165178 2200
55 162603 2575
54 159198 3405
53 156689 2509
52 150501 6188
51 147726 2775
50 146536 1190
49 144797 1739
48 140502 4295
47 133875 6627
46 128290 5585
45 124426 3864
44 120109 4317
43 118694 1415
42 114315 4379
41 112700 1615
40 110694 2006
39 106837 3857
38 104303 2534
37 101076 3227
36 98433 2643
35 96100 2333
34 93029 3071
33 92124 905
32 85168 6956
31 84379 789
30 81319 3060
13 30396 1076
2370 8051480 8070
12 28159 2237
2369 8048790 2690
1120 3560481 3108
11 26956 1203
2368 8043836 4954
1119 3558964 1517
10 24028 2928
2367 8041266 2570
1118 3556921 2043
9 22304 1724
2366 8037001 4265
1117 3550787 6134
8 21706 598
2365 8033457 3544
1116 3548817 1970
7 18190 3516
2364 8030900 2557
1115 3546619 2198
6 12584 5606
2363 8028553 2347
547 1923375 645
1114 3545012 1607
5 10701 1883
2362 8025924 2629
546 1922727 648
1113 3542428 2584
4 8587 2114
2361 8022787 3137
545 1922082 645
1112 3533733 8695
3 2000 6587
2360 8015824 6963
544 1921425 657
259 871044 1417
1111 3532663 1070
2 992 1008
2359 8011442 4382
543 1920775 650
258 869355 1689
1110 3529814 2849
1 0 992
2358 8010547 895
542 1920125 650
128 429134 1723
14 31472 3437
2371 8059550 2716
15 34909 3915
2372 8062266 6538
16 38824 4217
2373 8068804 2423
17 43041 6179
2374 8071227 1196
18 49220 3707
2375 8072423 17668
19 52927 636
2376 8090091 9718
20 53563 4229
2377 8099809 2932
21 57792 4059
2378 8102741 3198
22 61851 496
2379 8105939 5830
23 62347 944
2380 8111769 3774
24 63291 1539
2381 8115543 2209
25 64830 3616
26 68446 3506
27 71952 4757
28 76709 2672
29 79381 1938
60 187296 2195
61 189491 2507
62 191998 2363
63 194361 2273
64 196634 1231
65 197865 1085
66 198950 2912
67 201862 9768
68 211630 1266
69 212896 3923
70 216819 1063
71 217882 10484
72 228366 1822
73 230188 3265
74 233453 3215
75 236668 3502
76 240170 9590
77 249760 2120
78 251880 1035
79 252915 704
80 253619 990
81 254609 1803
82 256412 8397
83 264809 3367
84 268176 6138
85 274314 4649
86 278963 5448
87 284411 1584
88 285995 5246
89 291241 1587
90 292828 1493
91 294321 6610
92 300931 2392
93 303323 1333
94 304656 1765
95 306421 2354
96 308775 2293
97 311068 3538
99 314606 5533
100 320139 2533
101 322672 8506
102 331178 7261
103 338439 2398
104 340837 1450
105 342287 1627
106 343914 2634
107 346548 2551
108 349099 2236
109 351335 3001
110 354336 2038
111 356374 2975
112 359349 6794
113 366143 6308
114 372451 6781
115 379232 6625
116 385857 3929
117 389786 7927
118 397713 7576
119 405289 3077
120 408366 1764
121 410130 2959
122 413089 1560
123 414649 3013
124 417662 3424
125 421086 1806
126 422892 1516
127 424408 4726
260 872461 7300
261 879761 12300
262 892061 2326
263 894387 1792
264 896179 1408
265 897587 3086
266 900673 1363
267 902036 3690
268 905726 1059
269 906785 1291
270 908076 2341
271 910417 1906
272 912323 3391
273 915714 964
274 916678 7151
275 923829 4996
276 928825 6244
277 935069 4349
278 939418 3528
279 942946 2578
280 945524 30538
281 976062 3845
282 979907 5008
283 984915 2752
284 987667 1835
285 989502 1107
286 990609 2504
288 993113 291
289 993404 322
290 993726 341
291 994067 400
292 994467 357
293 994824 417
294 995241 452
295 995693 402
296 996095 408
297 996503 456
299 996959 5227
300 1002186 1266
301 1003452 14459
302 1017911 1071
303 1018982 1245
304 1020227 5196
305 1025423 2451
306 1027874 3003
307 1030877 6746
308 1037623 6102
309 1043725 8949
310 1052674 11265
311 1063939 2038
312 1065977 6331
313 1072308 5578
314 1077886 9845
315 1087731 7607
316 1095338 5860
317 1101198 1182
318 1102380 4852
319 1107232 9825
320 1117057 5433
321 1122490 2978
322 1125468 1950
323 1127418 1917
324 1129335 2253
325 1131588 1779
326 1133367 1374
327 1134741 1458
328 1136199 1497
329 1137696 1596
330 1139292 3362
331 1142654 2502
332 1145156 15026
333 1160182 3106
334 1163288 7855
335 1171143 3632
336 1174775 3352
337 1178127 6030
338 1184157 2427
339 1186584 3660
340 1190244 2646
341 1192890 9119
342 1202009 1347
343 1203356 4884
344 1208240 1384
345 1209624 1675
346 1211299 1812
347 1213111 2557
348 1215668 8047
349 1223715 7433
350 1231148 3469
351 1234617 9499
352 1244116 1602
353 1245718 1629
354 1247347 4101
355 1251448 3636
356 1255084 994
357 1256078 14735
358 1270813 6380
359 1277193 3420
360 1280613 3451
361 1284064 1173
362 1285237 4729
363 1289966 723
364 1290689 462
365 1291151 7724
366 1298875 2730
367 1301605 3591
368 1305196 2607
369 1307803 1176
370 1308979 948
371 1309927 2091
372 1312018 11434
373 1323452 5107
374 1328559 5776
375 1334335 1728
376 1336063 901
377 1336964 22389
378 1359353 1461
379 1360814 6447
380 1367261 6288
381 1373549 9471
382 1383020 1581
383 1384601 3741
384 1388342 2064
386 1390406 3720
387 1394126 2298
388 1396424 1924
389 1398348 2365
390 1400713 3289
391 1404002 2347
392 1406349 2416
393 1408765 20019
394 1428784 8381
395 1437165 4365
396 1441530 4461
397 1445991 4137
398 1450128 1509
399 1451637 4479
400 1456116 1344
401 1457460 1155
402 1458615 1411
403 1460026 7388
404 1467414 2175
405 1469589 17937
406 1487526 8814
407 1496340 5667
408 1502007 4020
409 1506027 3540
410 1509567 2009
411 1511576 16303
412 1527879 4410
413 1532289 1152
414 1533441 1911
415 1535352 1332
416 1536684 8052
417 1544736 5151
418 1549887 6840
419 1556727 1811
420 1558538 8097
421 1566635 7461
422 1574096 8413
423 1582509 4926
424 1587435 6651
425 1594086 15003
426 1609089 7448
427 1616537 5073
428 1621610 1350
429 1622960 1518
430 1624478 2103
431 1626581 706
432 1627287 6295
433 1633582 2098
434 1635680 7967
435 1643647 4128
436 1647775 1858
437 1649633 5232
438 1654865 5466
439 1660331 9108
440 1669439 4687
441 1674126 9346
442 1683472 3768
443 1687240 1050
444 1688290 1399
445 1689689 9009
446 1698698 1718
447 1700416 652
448 1701068 1419
449 1702487 12461
450 1714948 8004
451 1722952 4074
452 1727026 4986
453 1732012 4343
454 1736355 8771
455 1745126 2193
456 1747319 5352
457 1752671 2922
458 1755593 3093
459 1758686 1636
460 1760322 8067
461 1768389 3685
462 1772074 13953
463 1786027 3216
464 1789243 3873
465 1793116 4308
466 1797424 11517
467 1808941 909
468 1809850 7902
469 1817752 6177
470 1823929 784
471 1824713 5591
472 1830304 15473
473 1845777 793
474 1846570 6255
475 1852825 550
476 1853375 5106
477 1858481 7785
478 1866266 1332
479 1867598 4260
480 1871858 592
481 1872450 8901
482 1881351 1243
484 1882594 649
485 1883243 645
486 1883888 672
487 1884560 640
488 1885200 682
489 1885882 673
490 1886555 630
491 1887185 623
492 1887808 611
493 1888419 710
494 1889129 664
495 1889793 650
496 1890443 663
497 1891106 602
498 1891708 645
499 1892353 615
500 1892968 646
501 1893614 630
502 1894244 648
503 1894892 684
504 1895576 646
505 1896222 663
506 1896885 628
507 1897513 680
508 1898193 682
509 1898875 662
510 1899537 675
511 1900212 653
512 1900865 690
513 1901555 639
514 1902194 642
515 1902836 671
516 1903507 575
517 1904082 649
518 1904731 670
519 1905401 633
520 1906034 590
521 1906624 636
522 1907260 659
523 1907919 612
524 1908531 698
525 1909229 612
526 1909841 663
527 1910504 645
528 1911149 645
529 1911794 657
530 1912451 621
531 1913072 610
532 1913682 647
533 1914329 644
534 1914973 644
535 1915617 626
536 1916243 672
537 1916915 669
538 1917584 644
539 1918228 593
540 1918821 635
541 1919456 669
1121 3563589 3977
1122 3567566 2651
1123 3570217 2849
1124 3573066 1019
1125 3574085 1409
1126 3575494 5308
1127 3580802 3563
1128 3584365 2031
1129 3586396 5673
1130 3592069 6657
1131 3598726 1157
1132 3599883 1468
1133 3601351 2151
1134 3603502 2861
1135 3606363 1190
1136 3607553 885
1137 3608438 1839
1138 3610277 2901
1139 3613178 6786
1140 3619964 2637
1141 3622601 1527
1142 3624128 1709
1143 3625837 1667
1144 3627504 908
1145 3628412 9314
1146 3637726 5899
1147 3643625 5975
1148 3649600 5597
1149 3655197 6961
1150 3662158 2025
1151 3664183 19014
1152 3683197 1798
1153 3684995 1219
1154 3686214 2901
1155 3689115 1835
1156 3690950 2668
1157 3693618 4184
1158 3697802 1391
1159 3699193 572
1160 3699765 6390
1161 3706155 2434
1162 3708589 1795
1163 3710384 3323
1164 3713707 1841
1165 3715548 13388
1166 3728936 2979
1167 3731915 2334
1168 3734249 2795
1169 3737044 18070
1171 3755114 2764
1172 3757878 2676
1173 3760554 1230
1174 3761784 1089
1175 3762873 966
1176 3763839 972
1177 3764811 2328
1178 3767139 1725
1179 3768864 1125
1180 3769989 888
1181 3770877 1119
1182 3771996 1335
1183 3773331 984
1184 3774315 1929
1185 3776244 2595
1186 3778839 1257
1187 3780096 2699
1188 3782795 2781
1189 3785576 2952
1190 3788528 998
1191 3789526 3579
1192 3793105 2493
1193 3795598 4275
1194 3799873 3279
1195 3803152 5862
1196 3809014 3272
1197 3812286 873
1198 3813159 2308
1199 3815467 4566
1200 3820033 2292
1201 3822325 5763
1202 3828088 1158
1203 3829246 5964
1204 3835210 825
1205 3836035 1587
1206 3837622 827
1207 3838449 3234
1208 3841683 6342
1209 3848025 776
1210 3848801 3402
1211 3852203 3957
1212 3856160 1227
1213 3857387 1065
1214 3858452 1768
1215 3860220 1513
1216 3861733 2479
1217 3864212 2472
1218 3866684 1734
1219 3868418 1365
1220 3869783 2883
1221 3872666 2421
1222 3875087 1554
1223 3876641 1843
1224 3878484 1066
1225 3879550 3293
1226 3882843 1932
1227 3884775 2208
1228 3886983 1913
1229 3888896 3114
1230 3892010 1726
1231 3893736 3148
1232 3896884 1081
1233 3897965 2534
1234 3900499 1004
1235 3901503 2289
1236 3903792 1812
1237 3905604 1566
1238 3907170 663
1239 3907833 1565
1240 3909398 2371
1241 3911769 1459
1242 3913228 2266
1243 3915494 2542
1244 3918036 2224
1245 3920260 1013
1246 3921273 2454
1247 3923727 1401
1248 3925128 4176
1249 3929304 2088
1250 3931392 1782
1251 3933174 4188
1252 3937362 512
1253 3937874 809
1254 3938683 2529
1255 3941212 4188
1256 3945400 3501
1257 3948901 894
1258 3949795 3489
1259 3953284 1185
1260 3954469 2367
1261 3956836 2709
1263 3959545 3730
1264 3963275 1597
1265 3964872 2679
1266 3967551 482
1267 3968033 4126
1268 3972159 6040
1269 3978199 1654
1270 3979853 3467
1271 3983320 2424
1272 3985744 5673
1273 3991417 7539
1274 3998956 4819
1275 4003775 895
1276 4004670 1252
1277 4005922 2020
1278 4007942 4035
1279 4011977 3473
1280 4015450 578
1281 4016028 3966
1282 4019994 2776
1283 4022770 2758
1284 4025528 3463
1285 4028991 5494
1286 4034485 4571
1287 4039056 4960
1288 4044016 2683
1289 4046699 9076
1290 4055775 9316
1291 4065091 5495
1292 4070586 1957
1293 4072543 7303
1294 4079846 2552
1295 4082398 8281
1296 4090679 1279
1297 4091958 1795
1298 4093753 2962
1299 4096715 4431
1300 4101146 1874
1301 4103020 1186
1302 4104206 1154
1303 4105360 5216
1304 4110576 2773
1305 4113349 3976
1306 4117325 1105
1307 4118430 1989
1308 4120419 1325
1309 4121744 2878
1310 4124622 1538
1311 4126160 719
1312 4126879 524
1313 4127403 820
1314 4128223 641
1315 4128864 499
1316 4129363 1319
1317 4130682 3502
1318 4134184 3703
1319 4137887 2066
1320 4139953 1315
1321 4141268 3308
1322 4144576 6143
1323 4150719 3202
1324 4153921 5296
1325 4159217 2998
1326 4162215 3649
1327 4165864 3152
1328 4169016 2948
1329 4171964 1891
1330 4173855 3161
1331 4177016 3759
1332 4180775 3601
1333 4184376 10974
1334 4195350 9895
1335 4205245 2021
1336 4207266 3808
1337 4211074 3409
1338 4214483 4186
1339 4218669 1505
1340 4220174 1443
1341 4221617 2317
1342 4223934 1909
1343 4225843 3077
1344 4228920 2695
1345 4231615 2335
1347 4233950 6404
1348 4240354 8067
1349 4248421 3570
1350 4251991 4872
1351 4256863 3379
1352 4260242 1770
1353 4262012 957
1354 4262969 1338
1355 4264307 1140
1356 4265447 2058
1357 4267505 1236
1358 4268741 1710
1359 4270451 1755
1360 4272206 1992
1361 4274198 1764
1362 4275962 7575
1363 4283537 17962
1364 4301499 3803
1365 4305302 4355
1366 4309657 3296
1367 4312953 3519
1368 4316472 10249
1369 4326721 4017
1370 4330738 1206
1371 4331944 867
1372 4332811 1437
1373 4334248 942
1374 4335190 1871
1375 4337061 4368
1376 4341429 1617
1377 4343046 5905
1378 4348951 7534
1379 4356485 1816
1380 4358301 3957
1381 4362258 2628
1382 4364886 4698
1383 4369584 8561
1384 4378145 4878
1385 4383023 7911
1386 4390934 4746
1387 4395680 9822
1388 4405502 2012
1389 4407514 1470
1390 4408984 1989
1391 4410973 1788
1392 4412761 2361
1393 4415122 2649
1394 4417771 2513
1395 4420284 12832
1396 4433116 2433
1397 4435549 2100
1398 4437649 2986
1399 4440635 9933
1400 4450568 9396
1401 4459964 4635
1402 4464599 6848
1403 4471447 3594
1404 4475041 3367
1405 4478408 2826
1406 4481234 5829
1407 4487063 2992
1408 4490055 5691
1409 4495746 4705
1410 4500451 13503
1411 4513954 3795
1412 4517749 2910
1413 4520659 1412
1414 4522071 7918
1415 4529989 5623
1416 4535612 12268
1417 4547880 3725
1418 4551605 2046
1419 4553651 5366
1420 4559017 5640
1421 4564657 7782
1422 4572439 9866
1423 4582305 3453
1424 4585758 3254
1425 4589012 2099
1426 4591111 3712
1427 4594823 1386
1428 4596209 7192
1429 4603401 972
1430 4604373 930
1431 4605303 1515
1432 4606818 3195
1433 4610013 1808
1434 4611821 3930
1435 4615751 2100
1436 4617851 3918
1437 4621769 1359
1438 4623128 4811
1439 4627939 2565
1440 4630504 1656
1441 4632160 1902
1442 4634062 1405
1444 4635467 2063
1445 4637530 977
1446 4638507 5332
1447 4643839 1910
1448 4645749 1464
1449 4647213 1773
1450 4648986 1111
1451 4650097 1112
1452 4651209 6789
1453 4657998 3732
1454 4661730 998
1455 4662728 2442
1456 4665170 2183
1457 4667353 3204
1458 4670557 2533
1459 4673090 29057
1460 4702147 1052
1461 4703199 1722
1462 4704921 5049
1463 4709970 1230
1464 4711200 1623
1465 4712823 1710
1466 4714533 2391
1467 4716924 1638
1468 4718562 1557
1469 4720119 2670
1470 4722789 3181
1471 4725970 4542
1472 4730512 1725
1473 4732237 915
1474 4733152 1414
1475 4734566 2028
1476 4736594 1494
1477 4738088 1765
1478 4739853 1234
1479 4741087 1881
1480 4742968 1596
1481 4744564 779
1482 4745343 2697
1483 4748040 1851
1484 4749891 6025
1485 4755916 2683
1486 4758599 1359
1487 4759958 1155
1488 4761113 2668
1489 4763781 1425
1490 4765206 2279
1491 4767485 1438
1492 4768923 1246
1493 4770169 2138
1494 4772307 1506
1495 4773813 1692
1496 4775505 5454
1497 4780959 1255
1498 4782214 2952
1499 4785166 1569
1500 4786735 2740
1501 4789475 828
1502 4790303 1579
1503 4791882 3963
1504 4795845 3207
1505 4799052 2937
1506 4801989 3318
1507 4805307 2689
1508 4807996 1361
1509 4809357 1344
1510 4810701 1611
1511 4812312 1068
1512 4813380 3289
1513 4816669 3154
1514 4819823 3762
1515 4823585 1710
1516 4825295 4866
1517 4830161 1692
1518 4831853 957
1519 4832810 1234
1520 4834044 953
1521 4834997 1146
1522 4836143 4990
1523 4841133 1806
1524 4842939 1102
1525 4844041 1281
1526 4845322 1224
1527 4846546 4150
1528 4850696 1491
1529 4852187 2615
1530 4854802 2051
1531 4856853 1054
1532 4857907 1822
1533 4859729 4945
1534 4864674 2308
1536 4866982 6228
1537 4873210 3564
1538 4876774 6720
1539 4883494 9966
1540 4893460 2160
1541 4895620 3627
1542 4899247 2250
1543 4901497 3678
1544 4905175 2838
1545 4908013 3275
1546 4911288 1589
1547 4912877 10048
1548 4922925 2082
1549 4925007 4909
1550 4929916 2370
1551 4932286 1466
1552 4933752 7681
1553 4941433 6637
1554 4948070 4403
1555 4952473 9494
1556 4961967 6231
1557 4968198 5668
1558 4973866 2832
1559 4976698 5624
1560 4982322 10216
1561 4992538 4240
1562 4996778 6022
1563 5002800 4586
1564 5007386 2226
1565 5009612 3366
1566 5012978 8532
1567 5021510 1685
1568 5023195 5303
1569 5028498 3925
1570 5032423 3984
1571 5036407 2581
1572 5038988 273
1573 5039261 1763
1574 5041024 7185
1575 5048209 4347
1576 5052556 2376
1577 5054932 1620
1578 5056552 3046
1579 5059598 3474
1580 5063072 2748
1581 5065820 5043
1582 5070863 1135
1583 5071998 1073
1584 5073071 2972
1585 5076043 7408
1586 5083451 7247
1587 5090698 1217
1588 5091915 5884
1589 5097799 1625
1590 5099424 2283
1591 5101707 4759
1592 5106466 1710
1593 5108176 3290
1594 5111466 1864
1595 5113330 1170
1596 5114500 2607
1597 5117107 620
1598 5117727 2764
1599 5120491 5057
1600 5125548 1578
1601 5127126 2754
1602 5129880 4015
1603 5133895 1233
1604 5135128 1086
1605 5136214 1508
1606 5137722 1160
1607 5138882 1647
1608 5140529 811
1609 5141340 843
1610 5142183 3739
1611 5145922 828
1612 5146750 3027
1613 5149777 7339
1614 5157116 2667
1615 5159783 1477
1616 5161260 2997
1617 5164257 1143
1618 5165400 2640
1619 5168040 2290
1620 5170330 1260
1621 5171590 1029
1622 5172619 3421
1623 5176040 2920
1624 5178960 1419
1625 5180379 8206
1626 5188585 1395
1627 5189980 1901
1628 5191881 951
1629 5192832 1623
1630 5194455 1612
1631 5196067 885
1632 5196952 2367
1633 5199319 9181
1634 5208500 3823
1636 5212323 1939
1637 5214262 3031
1638 5217293 2394
1639 5219687 7650
1640 5227337 2603
1641 5229940 2003
1642 5231943 6122
1643 5238065 4172
1644 5242237 4311
1645 5246548 3685
1646 5250233 6729
1647 5256962 3565
1648 5260527 3236
1649 5263763 4564
1650 5268327 5189
1651 5273516 4412
1652 5277928 3395
1653 5281323 4103
1654 5285426 1127
1655 5286553 7886
1656 5294439 4538
1657 5298977 4330
1658 5303307 4298
1659 5307605 4047
1660 5311652 5504
1661 5317156 7641
1662 5324797 2328
1663 5327125 2114
1664 5329239 2906
1665 5332145 2925
1666 5335070 4550
1667 5339620 5382
1668 5345002 3131
1669 5348133 4016
1670 5352149 5326
1671 5357475 4633
1672 5362108 5049
1673 5367157 2465
1674 5369622 2697
1675 5372319 2982
1676 5375301 8120
1677 5383421 1218
1678 5384639 764
1679 5385403 4095
1680 5389498 3297
1681 5392795 1514
1682 5394309 9791
1683 5404100 3003
1684 5407103 8667
1685 5415770 3857
1686 5419627 5186
1687 5424813 4877
1688 5429690 8489
1689 5438179 4713
1690 5442892 3831
1691 5446723 516
1692 5447239 4576
1693 5451815 4334
1694 5456149 3744
1695 5459893 5772
1696 5465665 7154
1697 5472819 6398
1698 5479217 2555
1699 5481772 3311
1700 5485083 1094
1701 5486177 22608
1702 5508785 18411
1703 5527196 2546
1704 5529742 8385
1705 5538127 1622
1706 5539749 2354
1707 5542103 7009
1708 5549112 3302
1709 5552414 11203
1710 5563617 2834
1711 5566451 3489
1712 5569940 3168
1713 5573108 4910
1714 5578018 7214
1715 5585232 6827
1716 5592059 6095
1717 5598154 1043
1718 5599197 2757
1719 5601954 3390
1720 5605344 1037
1721 5606381 2396
1722 5608777 1535
1723 5610312 6228
1724 5616540 13435
1725 5629975 2073
1726 5632048 12799
1727 5644847 6401
1728 5651248 2852
1729 5654100 4987
1730 5659087 1891
1731 5660978 8913
1732 5669891 6476
1733 5676367 2396
1734 5678763 6181
1736 5684944 734
1737 5685678 1078
1738 5686756 2918
1739 5689674 4170
1740 5693844 9601
1741 5703445 2158
1742 5705603 3145
1743 5708748 2075
1744 5710823 2267
1745 5713090 25155
1746 5738245 1891
1747 5740136 1761
1748 5741897 5276
1749 5747173 5428
1750 5752601 2360
1751 5754961 3359
1752 5758320 4744
1753 5763064 3712
1754 5766776 3188
1755 5769964 15148
1756 5785112 4069
1757 5789181 3523
1758 5792704 10039
1759 5802743 1594
1760 5804337 1458
1761 5805795 5810
1762 5811605 10811
1763 5822416 4976
1764 5827392 3793
1765 5831185 2158
1766 5833343 646
1767 5833989 1508
1768 5835497 4558
1769 5840055 2641
1770 5842696 1898
1771 5844594 8678
1772 5853272 6187
1773 5859459 5121
1774 5864580 1943
1775 5866523 6454
1776 5872977 2929
1777 5875906 2869
1778 5878775 7406
1779 5886181 1620
1780 5887801 1985
1781 5889786 2583
1782 5892369 1671
1783 5894040 7538
1784 5901578 3295
1785 5904873 2989
1786 5907862 1875
1787 5909737 5557
1788 5915294 8077
1789 5923371 3179
1790 5926550 478
1791 5927028 3644
1792 5930672 4955
1793 5935627 6877
1794 5942504 877
1795 5943381 2318
1796 5945699 4303
1797 5950002 3535
1798 5953537 2878
1799 5956415 5566
1800 5961981 5052
1801 5967033 7195
1802 5974228 1111
1803 5975339 3856
1804 5979195 1334
1805 5980529 7205
1806 5987734 3171
1807 5990905 4372
1808 5995277 4666
1809 5999943 2331
1810 6002274 5965
1811 6008239 2277
1812 6010516 1702
1813 6012218 15068
1814 6027286 5365
1815 6032651 1288
1816 6033939 5564
1817 6039503 1333
1818 6040836 6494
1819 6047330 4627
1820 6051957 4577
1821 6056534 9486
1822 6066020 1678
1823 6067698 3314
1824 6071012 15308
1825 6086320 9568
1826 6095888 3851
1827 6099739 7730
1828 6107469 3766
1829 6111235 13845
1830 6125080 5374
1832 6130454 3293
1833 6133747 3646
1834 6137393 6316
1835 6143709 1378
1836 6145087 2629
1837 6147716 2030
1838 6149746 3067
1839 6152813 1564
1840 6154377 8359
1841 6162736 3448
1842 6166184 3301
1843 6169485 7873
1844 6177358 7960
1845 6185318 8485
1846 6193803 5551
1847 6199354 6934
1848 6206288 1743
1849 6208031 6364
1850 6214395 8822
1851 6223217 3704
1852 6226921 4549
1853 6231470 2710
1854 6234180 2363
1855 6236543 3838
1856 6240381 4732
1857 6245113 4129
1858 6249242 3223
1859 6252465 6916
1860 6259381 8438
1861 6267819 8287
1862 6276106 2767
1863 6278873 583
1864 6279456 4147
1865 6283603 8068
1866 6291671 8125
1867 6299796 5341
1868 6305137 2344
1869 6307481 7428
1870 6314909 6457
1871 6321366 2805
1872 6324171 963
1873 6325134 2972
1874 6328106 10455
1875 6338561 7477
1876 6346038 7573
1877 6353611 1002
1878 6354613 2874
1879 6357487 7989
1880 6365476 6892
1881 6372368 4015
1882 6376383 9289
1883 6385672 9595
1884 6395267 2626
1885 6397893 3751
1886 6401644 5614
1887 6407258 14358
1888 6421616 2953
1889 6424569 4387
1890 6428956 7739
1891 6436695 6353
1892 6443048 2455
1893 6445503 3525
1894 6449028 3334
1895 6452362 4859
1896 6457221 2209
1897 6459430 1310
1898 6460740 3952
1899 6464692 917
1900 6465609 3445
1901 6469054 3252
1902 6472306 3590
1903 6475896 3214
1904 6479110 2344
1905 6481454 937
1906 6482391 1213
1907 6483604 7891
1908 6491495 6886
1909 6498381 4403
1910 6502784 7120
1911 6509904 980
1912 6510884 3229
1913 6514113 8908
1914 6523021 2128
1915 6525149 6136
1916 6531285 5978
1917 6537263 1108
1918 6538371 766
1919 6539137 6602
1920 6545739 3556
1921 6549295 2647
1922 6551942 985
1924 6552927 4267
1925 6557194 5426
1926 6562620 2945
1927 6565565 2727
1928 6568292 3630
1929 6571922 2070
1930 6573992 3915
1931 6577907 12935
1932 6590842 2475
1933 6593317 1832
1934 6595149 3597
1935 6598746 3667
1936 6602413 3718
1937 6606131 1891
1938 6608022 5363
1939 6613385 6818
1940 6620203 2521
1941 6622724 4487
1942 6627211 6779
1943 6633990 1485
1944 6635475 2341
1945 6637816 2549
1946 6640365 747
1947 6641112 5272
1948 6646384 3265
1949 6649649 5733
1950 6655382 1204
1951 6656586 1309
1952 6657895 2347
1953 6660242 2110
1954 6662352 3650
1955 6666002 4015
1956 6670017 865
1957 6670882 2888
1958 6673770 1139
1959 6674909 1674
1960 6676583 1955
1961 6678538 3046
1962 6681584 8297
1963 6689881 3947
1964 6693828 3978
1965 6697806 4572
1966 6702378 3881
1967 6706259 4196
1968 6710455 2678
1969 6713133 1600
1970 6714733 956
1971 6715689 4019
1972 6719708 3821
1973 6723529 2859
1974 6726388 1234
1975 6727622 3054
1976 6730676 7542
1977 6738218 18900
1978 6757118 2171
1979 6759289 3760
1980 6763049 1586
1981 6764635 4178
1982 6768813 5081
1983 6773894 8784
1984 6782678 3082
1985 6785760 13259
1986 6799019 3662
1987 6802681 6304
1988 6808985 8490
1989 6817475 5516
1990 6822991 2132
1991 6825123 4955
1992 6830078 1158
1993 6831236 3825
1994 6835061 6286
1995 6841347 1491
1996 6842838 3428
1997 6846266 2773
1998 6849039 5915
1999 6854954 1699
2000 6856653 6609
2001 6863262 3348
2002 6866610 10280
2003 6876890 6942
2004 6883832 4464
2005 6888296 3512
2006 6891808 5894
2007 6897702 9506
2008 6907208 1455
2009 6908663 2691
2010 6911354 4163
2011 6915517 8476
2012 6923993 1339
2013 6925332 4666
2015 6929998 585
2016 6930583 589
2017 6931172 552
2018 6931724 599
2019 6932323 603
2020 6932926 518
2021 6933444 645
2022 6934089 604
2023 6934693 604
2024 6935297 604
2025 6935901 606
2026 6936507 604
2027 6937111 572
2028 6937683 518
2029 6938201 607
2030 6938808 619
2031 6939427 574
2032 6940001 606
2033 6940607 398
2034 6941005 588
2035 6941593 590
2036 6942183 581
2037 6942764 576
2038 6943340 604
2039 6943944 572
2040 6944516 630
2041 6945146 594
2042 6945740 612
2043 6946352 597
2044 6946949 606
2045 6947555 564
2046 6948119 596
2047 6948715 563
2048 6949278 544
2049 6949822 576
2050 6950398 559
2051 6950957 565
2052 6951522 572
2053 6952094 583
2054 6952677 589
2055 6953266 553
2056 6953819 569
2057 6954388 571
2058 6954959 583
2059 6955542 576
2060 6956118 625
2061 6956743 630
2062 6957373 630
2063 6958003 556
2064 6958559 569
2065 6959128 556
2066 6959684 563
2067 6960247 517
2068 6960764 567
2069 6961331 585
2070 6961916 558
2071 6962474 575
2072 6963049 594
2073 6963643 575
2074 6964218 588
2075 6964806 549
2076 6965355 574
2077 6965929 570
2078 6966499 670
2079 6967169 561
2080 6967730 658
2081 6968388 556
2082 6968944 585
2083 6969529 547
2084 6970076 603
2085 6970679 594
2086 6971273 585
2087 6971858 562
2088 6972420 576
2089 6972996 559
2090 6973555 570
2091 6974125 581
2092 6974706 588
2093 6975294 553
2094 6975847 592
2095 6976439 639
2096 6977078 584
2097 6977662 665
2098 6978327 581
2099 6978908 564
2100 6979472 566
2101 6980038 555
2102 6980593 572
2103 6981165 593
2104 6981758 616
2105 6982374 597
2106 6982971 593
2107 6983564 560
2108 6984124 571
2109 6984695 564
2110 6985259 678
2111 6985937 589
2113 6986526 5080
2114 6991606 7758
2115 6999364 5256
2116 7004620 10938
2117 7015558 1777
2118 7017335 7209
2119 7024544 3601
2120 7028145 7699
2121 7035844 469
2122 7036313 3810
2123 7040123 747
2124 7040870 867
2125 7041737 5409
2126 7047146 1464
2127 7048610 2122
2128 7050732 2581
2129 7053313 3630
2130 7056943 3216
2131 7060159 1994
2132 7062153 4713
2133 7066866 10013
2134 7076879 581
2135 7077460 3108
2136 7080568 3435
2137 7084003 5282
2138 7089285 3728
2139 7093013 9605
2140 7102618 1610
2141 7104228 3069
2142 7107297 5487
2143 7112784 3634
2144 7116418 1953
2145 7118371 4371
2146 7122742 1341
2147 7124083 9184
2148 7133267 4494
2149 7137761 2562
2150 7140323 3550
2151 7143873 1713
2152 7145586 1445
2153 7147031 1485
2154 7148516 4680
2155 7153196 2858
2156 7156054 8410
2157 7164464 7650
2158 7172114 5192
2159 7177306 3027
2160 7180333 7103
2161 7187436 1155
2162 7188591 2762
2163 7191353 2553
2164 7193906 1924
2165 7195830 505
2166 7196335 5736
2167 7202071 511
2168 7202582 2049
2169 7204631 6446
2170 7211077 5784
2171 7216861 2484
2172 7219345 3039
2173 7222384 8787
2174 7231171 3480
2175 7234651 2993
2176 7237644 8744
2177 7246388 3990
2178 7250378 3339
2179 7253717 3561
2180 7257278 1416
2181 7258694 4434
2182 7263128 1002
2183 7264130 1755
2184 7265885 5559
2185 7271444 2035
2186 7273479 1776
2187 7275255 15741
2188 7290996 5832
2189 7296828 2229
2190 7299057 2586
2191 7301643 5340
2192 7306983 3889
2193 7310872 13566
2194 7324438 3804
2195 7328242 1825
2196 7330067 3573
2197 7333640 6481
2198 7340121 2910
2199 7343031 539
2200 7343570 4584
2201 7348154 4466
2202 7352620 2663
2203 7355283 4665
2204 7359948 2130
2205 7362078 726
2207 7362804 735
2208 7363539 3207
2209 7366746 732
2210 7367478 6160
2211 7373638 5625
2212 7379263 10474
2213 7389737 1483
2214 7391220 2086
2215 7393306 4257
2216 7397563 6306
2217 7403869 2974
2218 7406843 5908
2219 7412751 5949
2220 7418700 1676
2221 7420376 6437
2222 7426813 3209
2223 7430022 6606
2224 7436628 8918
2225 7445546 1333
2226 7446879 2883
2227 7449762 1707
2228 7451469 3286
2229 7454755 5819
2230 7460574 6608
2231 7467182 6229
2232 7473411 6330
2233 7479741 9575
2234 7489316 9523
2235 7498839 1140
2236 7499979 687
2237 7500666 3765
2238 7504431 639
2239 7505070 5446
2240 7510516 1345
2241 7511861 2772
2242 7514633 2293
2243 7516926 5445
2244 7522371 12179
2245 7534550 2550
2246 7537100 25888
2247 7562988 3690
2248 7566678 4005
2249 7570683 12387
2250 7583070 4292
2251 7587362 3842
2252 7591204 14543
2253 7605747 12231
2254 7617978 3651
2255 7621629 1528
2256 7623157 9014
2257 7632171 1741
2258 7633912 665
2259 7634577 3177
2260 7637754 2796
2261 7640550 5777
2262 7646327 9504
2263 7655831 4005
2264 7659836 1080
2265 7660916 1690
2266 7662606 5469
2267 7668075 4578
2268 7672653 4477
2269 7677130 4368
2270 7681498 1803
2271 7683301 4321
2272 7687622 3627
2273 7691249 6129
2274 7697378 4173
2275 7701551 1091
2276 7702642 722
2277 7703364 8795
2278 7712159 3918
2279 7716077 6828
2280 7722905 1474
2281 7724379 2442
2282 7726821 1073
2283 7727894 989
2284 7728883 968
2285 7729851 5220
2286 7735071 10642
2287 7745713 727
2288 7746440 652
2289 7747092 3954
2290 7751046 9956
2291 7761002 3081
2292 7764083 753
2293 7764836 601
2294 7765437 952
2295 7766389 700
2296 7767089 1699
2297 7768788 12207
2298 7780995 4294
2299 7785289 11046
2300 7796335 3591
2302 7799926 1446
2303 7801372 3006
2304 7804378 897
2305 7805275 549
2306 7805824 1302
2307 7807126 1617
2308 7808743 1536
2309 7810279 8764
2310 7819043 7677
2311 7826720 3334
2312 7830054 2896
2313 7832950 576
2314 7833526 7593
2315 7841119 3904
2316 7845023 12090
2317 7857113 4723
2318 7861836 2508
2319 7864344 3845
2320 7868189 15514
2321 7883703 6130
2322 7889833 2563
2323 7892396 2301
2324 7894697 3819
2325 7898516 2737
2326 7901253 13561
2327 7914814 7756
2328 7922570 1888
2329 7924458 2744
2330 7927202 1902
2331 7929104 1815
2332 7930919 3905
2333 7934824 2185
2334 7937009 2980
2335 7939989 1937
2336 7941926 1819
2337 7943745 2179
2338 7945924 3169
2339 7949093 2767
2340 7951860 1896
2341 7953756 2566
2342 7956322 3282
2343 7959604 2137
2344 7961741 1895
2345 7963636 1751
2346 7965387 2072
2347 7967459 4432
2348 7971891 3856
2349 7975747 3730
2350 7979477 2944
2351 7982421 2422
2352 7984843 2560
2353 7987403 2317
2354 7989720 2326
2355 7992046 5776
2356 7997822 9955
2357 8007777 2770
